3 0.356399 0.560727 0.230643 0.859306
3 0.119189 0.491107 0.201343 0.975727
3 0.697818 0.488680 0.185119 0.656957
3 0.857650 0.470078 0.110266 0.419083
0 0.097434 0.071219 0.107231 0.132685
0 0.341224 0.225749 0.107231 0.186085
0 0.761049 0.215224 0.066769 0.103557
0 0.882441 0.283993 0.046531 0.043691
2 0.047357 0.319597 0.043497 0.056644
2 0.100965 0.495157 0.059692 0.074430
2 0.697818 0.424765 0.025287 0.059866
2 0.741315 0.517002 0.023273 0.056644
2 0.413552 0.517013 0.055636 0.082528
2 0.307336 0.660213 0.061720 0.110045
2 0.903175 0.486253 0.021231 0.033982
2 0.847538 0.332539 0.025287 0.050179
1 0.120189 0.282371 0.162867 0.244340
1 0.346790 0.385940 0.170951 0.257293
1 0.702874 0.352763 0.071818 0.232998
1 0.872825 0.405347 0.069790 0.166667
