3 0.201292 0.611629 0.149083 0.605181
3 0.487000 0.591398 0.150133 0.665044
3 0.609054 0.607584 0.124208 0.597091
3 0.709500 0.603539 0.096133 0.563109
3 0.807250 0.610818 0.118817 0.561486
0 0.489700 0.292047 0.071283 0.059875
0 0.582592 0.338976 0.071283 0.056629
0 0.700858 0.352734 0.076683 0.058252
0 0.787271 0.364863 0.070208 0.069576
1 0.210496 0.464376 0.132858 0.145630
1 0.492400 0.464382 0.111250 0.223296
1 0.618233 0.498358 0.088567 0.207129
1 0.710042 0.511305 0.077767 0.220062
1 0.805633 0.517778 0.100450 0.194182
