3 0.177788 0.625400 0.223300 0.744333
3 0.381656 0.611650 0.184438 0.771833
3 0.726331 0.584142 0.179612 0.752417
3 0.581313 0.624592 0.226950 0.745950
3 0.898969 0.617308 0.202062 0.757283
0 0.194781 0.291258 0.097088 0.076050
0 0.371969 0.254858 0.089813 0.058250
0 0.720875 0.247575 0.100725 0.072817
0 0.891381 0.262917 0.101937 0.048500
1 0.180219 0.528325 0.155337 0.278317
1 0.387744 0.495142 0.145637 0.257283
1 0.546113 0.495950 0.149275 0.258900
1 0.722087 0.463592 0.134700 0.262150
1 0.902912 0.519425 0.171125 0.296117
