3 0.502678 0.670635 0.200469 0.448219
3 0.407341 0.394745 0.113763 0.245956
3 0.677674 0.440051 0.136520 0.307431
3 0.771393 0.327591 0.122434 0.205489
3 0.880010 0.753161 0.239980 0.448219
3 0.451764 0.200577 0.161437 0.398058
3 0.498358 0.228080 0.059589 0.132686
3 0.566070 0.236168 0.069345 0.148861
0 0.478309 0.524197 0.108348 0.135927
0 0.396505 0.318686 0.066090 0.080905
0 0.679296 0.326781 0.061760 0.071197
0 0.756769 0.254781 0.058504 0.059869
0 0.936891 0.602672 0.126217 0.140788
0 0.413842 0.033095 0.059589 0.063095
0 0.499980 0.175489 0.036833 0.027504
0 0.555235 0.178730 0.034673 0.030745
