3 0.171375 0.559053 0.246468 0.789563
3 0.385205 0.651646 0.413028 0.641416
3 0.860696 0.594406 0.274602 0.651517
3 0.590595 0.603666 0.355633 0.653199
0 0.182629 0.221510 0.100162 0.101009
0 0.540513 0.423531 0.109166 0.185187
0 0.785854 0.343563 0.113667 0.143098
0 0.732397 0.348615 0.063025 0.156566
1 0.182067 0.548109 0.150804 0.434342
1 0.331749 0.507707 0.254344 0.282829
1 0.572587 0.413430 0.279103 0.252526
1 0.880829 0.639021 0.238341 0.387205
2 0.543890 0.817470 0.068649 0.087541
2 0.461172 0.824206 0.058521 0.070706
2 0.192759 0.701308 0.046143 0.127945
