3 0.126947 0.528253 0.114623 0.469253
3 0.281790 0.500747 0.078426 0.343040
3 0.526624 0.549287 0.302643 0.786413
3 0.762403 0.500747 0.303645 0.873787
3 0.382336 0.566280 0.094515 0.231387
3 0.673923 0.514500 0.074408 0.467640
0 0.127954 0.320320 0.054300 0.059867
0 0.287324 0.355920 0.047258 0.046933
0 0.581922 0.218380 0.099536 0.127827
0 0.727713 0.120487 0.097531 0.103560
0 0.685485 0.309807 0.047258 0.051773
2 0.635211 0.476473 0.069379 0.074440
2 0.896127 0.461100 0.060323 0.092227
1 0.115891 0.445727 0.068368 0.148867
1 0.285307 0.475660 0.067365 0.153720
1 0.377312 0.538773 0.074408 0.131067
1 0.757374 0.355113 0.100547 0.330093
