3 0.421735 0.251608 0.203711 0.475723
3 0.430223 0.580884 0.320133 0.425563
3 0.889807 0.430402 0.179470 0.855981
3 0.627271 0.195780 0.095795 0.186093
3 0.216807 0.220860 0.104289 0.213585
0 0.442349 0.075233 0.104289 0.122974
0 0.509042 0.434453 0.092157 0.135916
0 0.847970 0.059051 0.100639 0.110032
0 0.203464 0.152902 0.070325 0.077669
2 0.533904 0.699823 0.064265 0.074437
2 0.865554 0.444968 0.048506 0.063119
2 0.428404 0.312283 0.047289 0.053408
2 0.474482 0.322797 0.052145 0.045305
1 0.417494 0.264550 0.132169 0.291254
1 0.892235 0.305804 0.140663 0.315531
1 0.393235 0.560659 0.219482 0.220064
1 0.219229 0.248368 0.101855 0.113264
1 0.640614 0.232186 0.095807 0.093859
0 0.630916 0.128625 0.052145 0.045322
