3 0.301900 0.687875 0.115600 0.538700
3 0.420308 0.669350 0.116717 0.494950
3 0.541525 0.705563 0.125717 0.523575
3 0.638042 0.677775 0.130183 0.501700
3 0.755883 0.660100 0.098767 0.486550
0 0.304150 0.460600 0.048267 0.080800
0 0.413583 0.459763 0.053867 0.079125
0 0.521883 0.460600 0.043767 0.057250
0 0.571825 0.482488 0.056117 0.090925
0 0.656558 0.460613 0.052750 0.063975
0 0.754775 0.452188 0.042650 0.063975
1 0.306400 0.604537 0.081933 0.146475
1 0.413017 0.583500 0.081933 0.134700
1 0.528058 0.587712 0.074083 0.156575
1 0.621775 0.591925 0.072950 0.178450
1 0.749717 0.580975 0.077433 0.170050
2 0.584733 0.748487 0.016833 0.063975
