3 0.328887 0.451471 0.319180 0.894818
3 0.759141 0.491107 0.237812 0.724922
3 0.150488 0.496771 0.125000 0.529115
1 0.304014 0.399674 0.174746 0.441745
1 0.750615 0.391602 0.157754 0.292891
1 0.168096 0.445807 0.097090 0.194167
0 0.152920 0.270234 0.083730 0.072812
0 0.319180 0.075247 0.105586 0.135911
0 0.779736 0.182852 0.082520 0.101953
2 0.463604 0.424779 0.049746 0.084141
2 0.217246 0.471693 0.054609 0.103542
2 0.167480 0.593047 0.059453 0.055000
2 0.862871 0.561497 0.044922 0.088984
2 0.694180 0.325247 0.035195 0.108411
