3 0.429503 0.772150 0.175672 0.403200
3 0.065981 0.710750 0.110618 0.549200
3 0.838501 0.661813 0.133804 0.650425
3 0.610585 0.756387 0.245309 0.464575
3 0.268474 0.738963 0.142728 0.499425
3 0.379093 0.712413 0.146304 0.549225
3 0.605672 0.658488 0.082070 0.577425
0 0.036989 0.489250 0.057984 0.073000
0 0.261788 0.538188 0.086532 0.094575
0 0.410759 0.499200 0.088320 0.126100
0 0.487036 0.644388 0.064234 0.141025
0 0.523159 0.570537 0.052634 0.076325
0 0.614153 0.411262 0.049059 0.082975
0 0.833152 0.373100 0.067809 0.073000
3 0.328690 0.605400 0.061546 0.394900
0 0.335833 0.435325 0.043710 0.061400
1 0.260450 0.816950 0.107056 0.316900
1 0.410309 0.828562 0.115968 0.306975
1 0.632433 0.641062 0.135591 0.177525
1 0.854556 0.578025 0.096344 0.224000
1 0.043233 0.730662 0.066895 0.220675
