3 0.291246 0.501597 0.166025 0.865694
3 0.432992 0.313083 0.127183 0.589000
3 0.554838 0.453049 0.114558 0.354375
3 0.640275 0.474896 0.122333 0.728153
3 0.768429 0.478938 0.073792 0.700653
3 0.844158 0.433632 0.089317 0.626208
0 0.281537 0.130229 0.098058 0.126208
0 0.640763 0.220042 0.066992 0.076056
0 0.776200 0.207903 0.062133 0.067972
0 0.857262 0.206285 0.074758 0.084153
1 0.287850 0.414215 0.118450 0.341431
1 0.431538 0.275861 0.077675 0.213583
1 0.564058 0.356771 0.096117 0.084153
1 0.850471 0.385896 0.063108 0.233014
