2 0.444063 0.873068 0.054713 0.127955
2 0.774139 0.703864 0.047976 0.126273
2 0.804924 0.373886 0.049124 0.092591
2 0.185030 0.380636 0.080453 0.079091
0 0.347764 0.228273 0.135408 0.205364
0 0.630861 0.312455 0.101843 0.114455
0 0.731057 0.272068 0.093897 0.124591
0 0.480423 0.248477 0.080665 0.070682
3 0.462568 0.479114 0.107432 0.565682
1 0.283474 0.586864 0.188097 0.424273
1 0.592931 0.622227 0.249305 0.393909
1 0.440634 0.446295 0.074985 0.244136
1 0.785317 0.494273 0.162356 0.266000
3 0.305861 0.533841 0.333535 0.813136
3 0.606798 0.592750 0.239456 0.705409
3 0.785876 0.572568 0.223897 0.749136
