3 0.225936 0.584911 0.196154 0.821012
3 0.371338 0.616131 0.165619 0.767738
3 0.675435 0.662976 0.306589 0.664881
3 0.497007 0.608631 0.140970 0.738690
3 0.745920 0.395446 0.059130 0.329821
3 0.699582 0.325268 0.051271 0.231607
0 0.223478 0.222649 0.086756 0.110536
0 0.360033 0.278631 0.077926 0.089167
0 0.577843 0.379643 0.070000 0.091190
0 0.488144 0.291935 0.067993 0.080655
0 0.700569 0.230536 0.025619 0.024524
1 0.210167 0.581399 0.154783 0.417560
1 0.369348 0.567381 0.122241 0.354405
1 0.678395 0.676161 0.209967 0.417560
1 0.489632 0.552470 0.116321 0.349107
1 0.702542 0.312113 0.029565 0.089464
1 0.745920 0.373512 0.037458 0.145595
2 0.235301 0.627024 0.057157 0.056190
2 0.409281 0.620030 0.036488 0.063155
2 0.375284 0.634048 0.033512 0.052619
2 0.301839 0.627887 0.038462 0.096488
