3 0.300000 0.380636 0.150523 0.651545
3 0.856708 0.415136 0.165354 0.821545
3 0.684031 0.297295 0.130031 0.474773
3 0.490877 0.234182 0.069631 0.240727
3 0.171785 0.398318 0.160800 0.154909
0 0.286892 0.093591 0.069415 0.077455
0 0.693677 0.096136 0.053569 0.055545
0 0.818462 0.060773 0.098031 0.082455
0 0.213338 0.346114 0.029631 0.033682
0 0.497785 0.134841 0.026215 0.031955
1 0.289123 0.277114 0.119662 0.215500
1 0.163246 0.389909 0.098123 0.104364
1 0.861246 0.300659 0.149385 0.313136
1 0.682908 0.245955 0.088769 0.200364
2 0.122277 0.154205 0.047877 0.043773
2 0.763246 0.357909 0.071662 0.040364
