3 0.123200 0.495446 0.232867 0.989464
3 0.491133 0.491577 0.275067 0.983155
3 0.872317 0.498065 0.247567 0.991250
0 0.095200 0.074375 0.112000 0.143869
0 0.516183 0.062976 0.109033 0.124524
0 0.802567 0.100357 0.112000 0.200714
1 0.096183 0.412113 0.172900 0.454345
1 0.452267 0.372649 0.181867 0.463155
1 0.917517 0.343690 0.161100 0.556190
2 0.104050 0.409464 0.055033 0.080714
2 0.446433 0.276131 0.044200 0.105238
2 0.577100 0.612113 0.044200 0.113988
2 0.695483 0.277917 0.056967 0.119286
2 0.190000 0.619107 0.034400 0.114048
2 0.746067 0.191042 0.063867 0.075417
