3 0.174317 0.540595 0.210233 0.833333
3 0.382667 0.619673 0.229067 0.671726
3 0.569817 0.521220 0.196100 0.872083
3 0.768250 0.598661 0.189500 0.717202
3 0.896933 0.621399 0.133867 0.671726
0 0.173850 0.194583 0.135767 0.131310
0 0.360050 0.374732 0.123500 0.158274
0 0.580650 0.156726 0.144233 0.143095
0 0.778150 0.344435 0.177233 0.171726
0 0.900233 0.364643 0.121600 0.111071
1 0.173367 0.679464 0.193267 0.538690
1 0.402450 0.751012 0.183833 0.378810
1 0.581600 0.660089 0.166867 0.590893
1 0.768717 0.745119 0.164033 0.414167
1 0.875733 0.730804 0.127267 0.415774
