3 0.124621 0.373591 0.201182 0.742091
3 0.264970 0.411318 0.163758 0.589455
3 0.443909 0.440250 0.278364 0.689500
3 0.877242 0.477977 0.216364 0.943864
2 0.188348 0.318318 0.033909 0.049091
2 0.236318 0.440250 0.036273 0.057864
2 0.422273 0.483250 0.038606 0.080682
2 0.756197 0.395523 0.063182 0.122773
1 0.101212 0.254273 0.109939 0.264909
1 0.277833 0.323591 0.112273 0.263182
1 0.473167 0.286750 0.182455 0.329864
1 0.884848 0.184114 0.175455 0.363136
0 0.143909 0.064818 0.083030 0.096455
0 0.229879 0.175341 0.077212 0.092955
0 0.351515 0.170068 0.079515 0.114045
