0 0.228618 0.102545 0.130410 0.115818
0 0.662662 0.313045 0.158089 0.147364
0 0.755512 0.117364 0.072457 0.075273
0 0.480205 0.074477 0.069829 0.049136
3 0.176570 0.511318 0.271365 0.947364
3 0.791143 0.612182 0.417713 0.752636
3 0.411058 0.666568 0.334608 0.643864
3 0.486792 0.276227 0.185734 0.459636
3 0.770666 0.237636 0.134369 0.329818
2 0.278669 0.513068 0.075085 0.073682
2 0.486792 0.792886 0.067167 0.089500
2 0.334659 0.823568 0.047406 0.108773
2 0.648823 0.770955 0.067201 0.129818
1 0.181843 0.402545 0.181775 0.435091
1 0.425546 0.588500 0.242355 0.378909
1 0.844437 0.537614 0.252901 0.319318
1 0.464403 0.227091 0.119863 0.207000
1 0.778584 0.296409 0.094846 0.229818
